3.5 0.5 2 2.25 0.5 
3601 11701 16501 17101 43501 
1 2 4.5 1.25 
14701 29701 40501 61501 
0.25 0.25 2 0.75 0.75 4 0.25 0.5 
5101 11101 12901 16501 32701 46501 50401 69601 
0.25 0.25 2.25 1 5 
20401 42901 49501 51001 54001 
5 3.75 
37801 46801 
2.25 1 0.5 3.5 1.5 
15901 24901 29401 58501 66601 
0.5 1.5 3 1.75 2 
17401 59401 60001 63301 69901 
1 0.25 3.5 0.75 0.25 2 0.25 0.75 
4201 6901 14701 20101 45301 46501 55501 69901 
1.5 0.25 0.75 0.5 5.75 
18901 20101 26401 39301 61201 
2.25 2.25 1.5 2.5 0.25 
2101 16201 34501 37201 62401 
1.75 0.5 0.25 2.25 4 
18301 19201 22501 61501 62401 
0.75 2.5 0.25 5.25 
3901 25801 51301 66601 
0.5 4 3.25 0.25 0.75 
3601 36001 36901 44701 55801 
1.5 0.5 5 0.5 1.25 
19201 38401 39301 46801 66601 
0.25 1.25 0.5 4.5 1 1.25 
3901 9001 14101 29401 44101 67801 
1.5 0.25 0.25 0.75 0.5 5.5 
901 3601 15301 47101 47401 68101 
0.5 0.25 0.75 2.75 4.5 
3901 33301 36901 51901 57301 
2.5 3 0.25 1 2 
4801 10801 16801 36001 42901 
0.25 0.25 0.75 0.25 4.5 2.5 0.25 
9601 11701 36901 39901 55201 62701 65101 
3.5 4 1 0.25 
5101 18001 39301 52501 
0.5 0.25 2.75 0.25 3.5 0.5 1 
4801 14701 18001 37201 52801 53101 60901 
2.5 0.25 3.25 0.25 0.25 2.25 
6301 9601 12601 13201 18301 57901 
4.75 0.25 0.25 3.25 0.25 
2101 4801 24301 41401 61801 
2.25 4.75 1.75 
26401 39601 62101 
4.25 0.75 3.75 
15301 32701 50101 
2.5 0.25 5.75 0.25 
3601 6301 33301 59701 
0.25 2.5 4 0.5 1 0.5 
12601 24601 37801 53101 55801 65701 
0.25 0.25 5 0.25 3 
18601 34501 47401 66601 71101 
3.25 5.5 
5401 68401 
2 0.25 0.5 0.5 0.5 5 
1501 13801 18001 23401 27301 32401 
0.5 0.75 0.25 1 3.5 2.25 0.5 
2101 6001 10801 12301 15001 19801 64501 
0.25 0.75 2.5 1 3.25 0.75 0.25 
9601 14101 17101 17701 32101 48001 68101 
0.75 2.25 5.75 
4501 47701 57001 
2.25 1.25 0.5 0.25 4.5 
24001 32101 36601 48301 59401 
1 0.25 1.5 0.25 0.25 4.5 1 
2101 19801 23401 41701 51001 66301 71401 
2 1.75 0.75 3.25 0.75 0.25 
3601 14401 19501 20701 38101 71401 
1.75 0.25 1.75 2.5 0.25 2.25 
2101 6601 9301 25801 31201 39601 
0.25 2.25 0.25 6 
1 3901 24901 39601 
0.5 0.25 3.25 3.5 1.25 
7801 9301 21301 24001 24301 
1 2.25 5.5 
901 10801 66601 
5.25 0.5 1.25 1.75 
17401 30601 33001 60301 
0.5 3 0.75 4.5 
14701 18301 21901 43201 
5.5 3.25 
17101 24001 
0.75 0.25 0.25 5.25 1.75 0.5 
9301 16801 22201 22801 24601 56101 
1.25 1.25 0.25 1 3.75 0.25 1 
15001 23401 24301 36001 44101 63601 64201 
2.75 0.25 0.25 2.25 3 0.25 
8401 18301 35101 45001 47101 65101 
3.25 3 0.75 1.25 0.5 
34501 35101 44101 68401 69301 
0.25 0.75 0.25 2.25 5.25 
3001 5101 30901 36601 56401 
0.25 0.75 4 3.75 
6301 24901 27301 32401 
3.25 4.75 0.75 
7501 13201 30601 
0.25 0.5 1.75 6.25 
9601 15901 27901 49501 
0.5 2.25 0.25 4.75 1 
27301 39601 48901 56101 62701 
2.5 0.25 6 
41101 48001 61801 
3.5 1.25 1 2.75 0.25 
22801 26401 42901 66601 66901 
0.75 2 3.5 0.5 0.25 1.5 0.25 
3001 5701 19201 24601 33601 62101 65401 
1.25 0.25 2.25 1 4 
1 12301 36901 44701 70501 
5.75 0.25 0.25 1.75 0.75 
16801 21901 51601 55801 62101 
0.25 2 0.5 0.5 5.5 
25501 36901 37801 56101 66301 
2.75 0.5 4.75 0.75 
12901 47401 54901 62701 
6 0.75 2 
8701 23701 53101 
5.75 3 
6601 67201 
1.5 0.25 0.25 0.5 0.25 5.5 0.5 
8101 23101 38701 51301 53701 63601 66001 
0.75 4.5 3.5 
19501 56101 71701 
1 3 4.75 
9901 20701 41101 
0.5 1.75 3.25 3.25 
6001 24301 63001 69601 
0.75 0.5 2.5 5 
3601 22201 41101 42001 
0.25 0.75 1.5 0.75 5.5 
2101 4801 32701 42901 63001 
2 3.75 1.75 1.25 
30601 48901 56101 69301 
